participant_id,date,age,gender,height_cm,weight_kg,activity_type,duration_minutes,intensity,calories_burned,avg_heart_rate,hours_sleep,stress_level,daily_steps,hydration_level,bmi,resting_heart_rate,blood_pressure_systolic,blood_pressure_diastolic,health_condition,smoking_status,fitness_level
2119,8,48,F,168.2,105.06,Swimming,61,Medium,19,129,7.01,4.07,6900,2.63,23.8,68,129,83,Hypertension,Former,12.89
