participant_id,date,age,gender,height_cm,weight_kg,activity_type,duration_minutes,intensity,calories_burned,avg_heart_rate,hours_sleep,stress_level,daily_steps,hydration_level,bmi,resting_heart_rate,blood_pressure_systolic,blood_pressure_diastolic,health_condition,smoking_status,fitness_level
1083,5,20,M,185.4,118.15,Weight Training,68,Low,14,147,7.16,4.76,9564,2.4,26.7,67,139,95,Hypertension,Current,7.98
