participant_id,date,age,gender,height_cm,weight_kg,activity_type,duration_minutes,intensity,calories_burned,avg_heart_rate,hours_sleep,stress_level,daily_steps,hydration_level,bmi,resting_heart_rate,blood_pressure_systolic,blood_pressure_diastolic,health_condition,smoking_status,fitness_level
2113.0,2024-03,54.0,0,168.4,91.84,#TODO,63.18,1.14,9.12,123.95,7.17,4.95,10534.36,2.45,27.1,64.1,115.9,74.1,#TODO,#TODO,4.74
