participant_id,date,age,gender,height_cm,weight_kg,activity_type,duration_minutes,intensity,calories_burned,avg_heart_rate,hours_sleep,stress_level,daily_steps,hydration_level,bmi,resting_heart_rate,blood_pressure_systolic,blood_pressure_diastolic,health_condition,smoking_status,fitness_level
1890,12,51,F,166.2,119.17,Basketball,63,Low,20,123,6.52,6.77,8280,2.36,22.4,70,118,77,None,Current,17.58
