participant_id,date,age,gender,height_cm,weight_kg,activity_type,duration_minutes,intensity,calories_burned,avg_heart_rate,hours_sleep,stress_level,daily_steps,hydration_level,bmi,resting_heart_rate,blood_pressure_systolic,blood_pressure_diastolic,health_condition,smoking_status,fitness_level
1290.0,2024-09,19.0,0,177.7,143.12,#TODO,82.13,1.2,33.25,148.53,7.13,4.27,6164.6,2.28,31.3,64.9,110.5,71.5,#TODO,#TODO,14.79
