participant_id,date,age,gender,height_cm,weight_kg,activity_type,duration_minutes,intensity,calories_burned,avg_heart_rate,hours_sleep,stress_level,daily_steps,hydration_level,bmi,resting_heart_rate,blood_pressure_systolic,blood_pressure_diastolic,health_condition,smoking_status,fitness_level
1343,11,33,F,162.6,109.18,Weight Training,84,High,15,134,7.18,3.75,7410,2.3,20.7,76,136,82,Diabetes,Never,18.22
