participant_id,date,age,gender,height_cm,weight_kg,activity_type,duration_minutes,intensity,calories_burned,avg_heart_rate,hours_sleep,stress_level,daily_steps,hydration_level,bmi,resting_heart_rate,blood_pressure_systolic,blood_pressure_diastolic,health_condition,smoking_status,fitness_level
52,5,56,Other,169.2,97.41,Dancing,78,Low,13,116,7.14,6.19,9567,2.37,24.6,77,119,76,None,Never,8.36
