participant_id,date,age,gender,height_cm,weight_kg,activity_type,duration_minutes,intensity,calories_burned,avg_heart_rate,hours_sleep,stress_level,daily_steps,hydration_level,bmi,resting_heart_rate,blood_pressure_systolic,blood_pressure_diastolic,health_condition,smoking_status,fitness_level
1228.0,2024-01,28.0,0,157.4,47.98,#TODO,69.45,1.41,8.59,138.45,6.92,5.86,9417.0,2.65,18.2,66.1,108.7,92.8,#TODO,#TODO,0.91
