participant_id,date,age,gender,height_cm,weight_kg,activity_type,duration_minutes,intensity,calories_burned,avg_heart_rate,hours_sleep,stress_level,daily_steps,hydration_level,bmi,resting_heart_rate,blood_pressure_systolic,blood_pressure_diastolic,health_condition,smoking_status,fitness_level
1174.0,2024-06,24.0,0,159.8,79.29,#TODO,66.94,1.5,10.29,142.5,7.51,4.83,8571.44,2.25,19.6,66.5,106.2,86.6,#TODO,#TODO,9.6
