participant_id,date,age,gender,height_cm,weight_kg,activity_type,duration_minutes,intensity,calories_burned,avg_heart_rate,hours_sleep,stress_level,daily_steps,hydration_level,bmi,resting_heart_rate,blood_pressure_systolic,blood_pressure_diastolic,health_condition,smoking_status,fitness_level
556,7,32,F,162.0,92.21,Cycling,68,Low,11,138,7.11,6.18,8630,2.5,20.7,73,107,69,None,Never,12.32
