participant_id,date,age,gender,height_cm,weight_kg,activity_type,duration_minutes,intensity,calories_burned,avg_heart_rate,hours_sleep,stress_level,daily_steps,hydration_level,bmi,resting_heart_rate,blood_pressure_systolic,blood_pressure_diastolic,health_condition,smoking_status,fitness_level
2663,4,24,M,163.2,72.72,Walking,72,Low,9,149,7.3,5.86,10365,2.38,19.8,73,99,85,None,Former,6.52
