participant_id,date,age,gender,height_cm,weight_kg,activity_type,duration_minutes,intensity,calories_burned,avg_heart_rate,hours_sleep,stress_level,daily_steps,hydration_level,bmi,resting_heart_rate,blood_pressure_systolic,blood_pressure_diastolic,health_condition,smoking_status,fitness_level
606,4,40,M,170.2,73.81,Swimming,70,Medium,11,129,7.23,5.04,10022,2.38,18.5,70,110,84,None,Former,6.82
