participant_id,date,age,gender,height_cm,weight_kg,activity_type,duration_minutes,intensity,calories_burned,avg_heart_rate,hours_sleep,stress_level,daily_steps,hydration_level,bmi,resting_heart_rate,blood_pressure_systolic,blood_pressure_diastolic,health_condition,smoking_status,fitness_level
126,9,34,M,176.4,123.84,Swimming,75,High,24,140,6.94,5.53,7219,2.41,25.1,71,115,64,Hypertension,Never,14.3
