participant_id,date,age,gender,height_cm,weight_kg,activity_type,duration_minutes,intensity,calories_burned,avg_heart_rate,hours_sleep,stress_level,daily_steps,hydration_level,bmi,resting_heart_rate,blood_pressure_systolic,blood_pressure_diastolic,health_condition,smoking_status,fitness_level
1862.0,2024-09,56.0,0,160.1,100.92,#TODO,82.71,1.43,11.11,119.64,7.29,4.64,6891.36,2.59,21.6,64.8,142.6,77.4,#TODO,#TODO,14.46
