participant_id,date,age,gender,height_cm,weight_kg,activity_type,duration_minutes,intensity,calories_burned,avg_heart_rate,hours_sleep,stress_level,daily_steps,hydration_level,bmi,resting_heart_rate,blood_pressure_systolic,blood_pressure_diastolic,health_condition,smoking_status,fitness_level
1942.0,2024-07,25.0,0,162.7,90.35,#TODO,71.06,1.65,10.71,145.06,7.29,4.59,7796.59,2.68,19.7,66.4,110.6,78.7,#TODO,#TODO,12.37
