participant_id,date,age,gender,height_cm,weight_kg,activity_type,duration_minutes,intensity,calories_burned,avg_heart_rate,hours_sleep,stress_level,daily_steps,hydration_level,bmi,resting_heart_rate,blood_pressure_systolic,blood_pressure_diastolic,health_condition,smoking_status,fitness_level
892,5,22,F,166.9,86.34,Basketball,77,Low,16,149,6.85,5.26,9373,2.46,21.6,77,109,87,Asthma,Never,8.16
