participant_id,date,age,gender,height_cm,weight_kg,activity_type,duration_minutes,intensity,calories_burned,avg_heart_rate,hours_sleep,stress_level,daily_steps,hydration_level,bmi,resting_heart_rate,blood_pressure_systolic,blood_pressure_diastolic,health_condition,smoking_status,fitness_level
793.0,2024-08,20.0,0,156.4,96.94,#TODO,73.45,1.2,16.37,142.9,7.23,4.8,7204.5,2.58,22.9,74.3,124.5,85.0,#TODO,#TODO,13.14
