participant_id,date,age,gender,height_cm,weight_kg,activity_type,duration_minutes,intensity,calories_burned,avg_heart_rate,hours_sleep,stress_level,daily_steps,hydration_level,bmi,resting_heart_rate,blood_pressure_systolic,blood_pressure_diastolic,health_condition,smoking_status,fitness_level
625.0,2024-12,64.0,0,165.7,120.5,#TODO,62.71,1.14,15.33,108.0,6.89,6.29,8266.07,2.42,22.0,70.1,122.3,65.9,#TODO,#TODO,19.45
