participant_id,date,age,gender,height_cm,weight_kg,activity_type,duration_minutes,intensity,calories_burned,avg_heart_rate,hours_sleep,stress_level,daily_steps,hydration_level,bmi,resting_heart_rate,blood_pressure_systolic,blood_pressure_diastolic,health_condition,smoking_status,fitness_level
1920,5,44,M,165.9,81.64,Cycling,77,Medium,12,125,7.16,4.48,9890,2.51,20.3,69,106,80,None,Never,8.17
