participant_id,date,age,gender,height_cm,weight_kg,activity_type,duration_minutes,intensity,calories_burned,avg_heart_rate,hours_sleep,stress_level,daily_steps,hydration_level,bmi,resting_heart_rate,blood_pressure_systolic,blood_pressure_diastolic,health_condition,smoking_status,fitness_level
1708.0,2024-05,44.0,0,174.6,105.45,#TODO,73.38,1.25,15.57,127.88,7.07,5.21,9538.08,2.45,26.2,68.7,109.4,90.9,#TODO,#TODO,8.26
