participant_id,date,age,gender,height_cm,weight_kg,activity_type,duration_minutes,intensity,calories_burned,avg_heart_rate,hours_sleep,stress_level,daily_steps,hydration_level,bmi,resting_heart_rate,blood_pressure_systolic,blood_pressure_diastolic,health_condition,smoking_status,fitness_level
2029,4,25,F,161.5,78.15,HIIT,71,High,13,146,7.2,6.43,9958,2.69,21.6,74,131,85,None,Never,7.1
