participant_id,date,age,gender,height_cm,weight_kg,activity_type,duration_minutes,intensity,calories_burned,avg_heart_rate,hours_sleep,stress_level,daily_steps,hydration_level,bmi,resting_heart_rate,blood_pressure_systolic,blood_pressure_diastolic,health_condition,smoking_status,fitness_level
1787.0,2024-05,48.0,0,177.9,107.32,#TODO,71.5,1.15,18.1,128.65,7.16,4.85,9647.04,2.37,25.5,67.3,114.6,88.0,#TODO,#TODO,8.29
