participant_id,date,age,gender,height_cm,weight_kg,activity_type,duration_minutes,intensity,calories_burned,avg_heart_rate,hours_sleep,stress_level,daily_steps,hydration_level,bmi,resting_heart_rate,blood_pressure_systolic,blood_pressure_diastolic,health_condition,smoking_status,fitness_level
222,5,40,F,167.3,87.17,Yoga,73,High,9,132,7.04,4.8,9494,2.5,21.1,68,120,87,Diabetes,Never,9.64
