participant_id,date,age,gender,height_cm,weight_kg,activity_type,duration_minutes,intensity,calories_burned,avg_heart_rate,hours_sleep,stress_level,daily_steps,hydration_level,bmi,resting_heart_rate,blood_pressure_systolic,blood_pressure_diastolic,health_condition,smoking_status,fitness_level
1653.0,2024-08,58.0,0,182.8,112.05,#TODO,72.62,1.38,22.99,115.9,6.93,5.24,7618.57,2.3,21.9,72.0,114.3,69.8,#TODO,#TODO,12.49
