participant_id,date,age,gender,height_cm,weight_kg,activity_type,duration_minutes,intensity,calories_burned,avg_heart_rate,hours_sleep,stress_level,daily_steps,hydration_level,bmi,resting_heart_rate,blood_pressure_systolic,blood_pressure_diastolic,health_condition,smoking_status,fitness_level
366.0,2024-09,52.0,0,164.5,99.66,#TODO,74.17,1.33,14.18,125.92,6.98,6.5,7274.83,2.6,20.5,66.7,128.9,86.4,#TODO,#TODO,14.94
