participant_id,date,age,gender,height_cm,weight_kg,activity_type,duration_minutes,intensity,calories_burned,avg_heart_rate,hours_sleep,stress_level,daily_steps,hydration_level,bmi,resting_heart_rate,blood_pressure_systolic,blood_pressure_diastolic,health_condition,smoking_status,fitness_level
243,7,63,M,177.4,95.61,Walking,63,Medium,11,117,7.2,5.41,8096,2.49,20.2,69,113,70,Diabetes,Former,10.74
