participant_id,date,age,gender,height_cm,weight_kg,activity_type,duration_minutes,intensity,calories_burned,avg_heart_rate,hours_sleep,stress_level,daily_steps,hydration_level,bmi,resting_heart_rate,blood_pressure_systolic,blood_pressure_diastolic,health_condition,smoking_status,fitness_level
1624.0,2024-12,44.0,0,170.2,110.26,#TODO,80.6,1.2,17.27,128.8,7.12,5.5,7255.4,2.92,19.0,71.4,130.9,73.7,#TODO,#TODO,18.47
