participant_id,date,age,gender,height_cm,weight_kg,activity_type,duration_minutes,intensity,calories_burned,avg_heart_rate,hours_sleep,stress_level,daily_steps,hydration_level,bmi,resting_heart_rate,blood_pressure_systolic,blood_pressure_diastolic,health_condition,smoking_status,fitness_level
1196.0,2024-08,39.0,0,163.1,89.94,#TODO,53.83,1.33,11.61,135.08,6.85,5.75,8252.92,2.36,18.8,78.5,131.2,84.4,#TODO,#TODO,13.49
