participant_id,date,age,gender,height_cm,weight_kg,activity_type,duration_minutes,intensity,calories_burned,avg_heart_rate,hours_sleep,stress_level,daily_steps,hydration_level,bmi,resting_heart_rate,blood_pressure_systolic,blood_pressure_diastolic,health_condition,smoking_status,fitness_level
1360,11,41,F,169.7,114.44,Dancing,77,Medium,21,131,6.75,5.75,7250,2.45,21.4,79,140,77,None,Never,17.13
