participant_id,date,age,gender,height_cm,weight_kg,activity_type,duration_minutes,intensity,calories_burned,avg_heart_rate,hours_sleep,stress_level,daily_steps,hydration_level,bmi,resting_heart_rate,blood_pressure_systolic,blood_pressure_diastolic,health_condition,smoking_status,fitness_level
2784.0,2024-08,51.0,0,178.5,120.27,#TODO,63.8,1.25,16.52,123.2,6.89,6.25,7395.3,2.46,25.4,71.5,118.8,83.2,#TODO,#TODO,12.67
