participant_id,date,age,gender,height_cm,weight_kg,activity_type,duration_minutes,intensity,calories_burned,avg_heart_rate,hours_sleep,stress_level,daily_steps,hydration_level,bmi,resting_heart_rate,blood_pressure_systolic,blood_pressure_diastolic,health_condition,smoking_status,fitness_level
577,8,44,F,162.6,107.15,Basketball,67,Medium,17,127,6.59,5.21,6794,2.44,24.3,65,132,76,None,Never,14.91
